[xyzRMS,velRMS,angRMS,hrRMS]=FleetByte(100, 1, 0)

fs =

   120

    0.8500
    0.8333
    0.8250
    0.8500
    0.8083
    0.8500
    0.8333
    0.8750
    0.7500
    0.8667
    0.8333
    0.7917

     1

_______________________________________________________
Frame: 1 statistics
Velocity estimates:
  Max error:  Km/h
  RMS: NaN
Heart Rate estimates:
  Max error:  bpm
  RMS: NaN
Running direction estimates:
  Max error:  radians
  RMS: NaN
Position estimates:
  Max error:  meters
  RMS: NaN

fs =

   120

    0.8250
    0.8500
    0.8083
    0.8500
    0.8333
    0.8750
    0.7500
    0.8667
    0.8333
    0.8500
    0.8500

     2

_______________________________________________________
Frame: 2 statistics
Velocity estimates:
  Max error: 5.000000 Km/h
  RMS: 5.000000
Heart Rate estimates:
  Max error: 0.002449 bpm
  RMS: 0.002449
Running direction estimates:
  Max error: 1.772238 radians
  RMS: 1.772238
Position estimates:
  Max error: 182.994122 meters
  RMS: 182.994122

fs =

   120

    0.8500
    0.8083
    0.8500
    0.8333
    0.8750
    0.7500
    0.8667
    0.8333
    0.8500
    0.8500
    0.8500

     3

_______________________________________________________
Frame: 3 statistics
Velocity estimates:
  Max error: 5.000000 Km/h
  RMS: 5.000000
Heart Rate estimates:
  Max error: 0.767816 bpm
  RMS: 0.542930
Running direction estimates:
  Max error: 2.196880 radians
  RMS: 1.995884
Position estimates:
  Max error: 184.564802 meters
  RMS: 183.781140

fs =

   120

    0.8083
    0.8500
    0.8333
    0.8750
    0.7500
    0.8667
    0.8333
    0.8500
    0.8500
    0.8500

     4

_______________________________________________________
Frame: 4 statistics
Velocity estimates:
  Max error: 5.000000 Km/h
  RMS: 5.000000
Heart Rate estimates:
  Max error: 0.767816 bpm
  RMS: 0.485769
Running direction estimates:
  Max error: 2.257071 radians
  RMS: 2.086583
Position estimates:
  Max error: 185.089257 meters
  RMS: 184.218211

fs =

   120

    0.8500
    0.8333
    0.8750
    0.7500
    0.8667
    0.8333
    0.8500
    0.8500
    0.8500
    1.7000

     5

_______________________________________________________
Frame: 5 statistics
Velocity estimates:
  Max error: 5.000000 Km/h
  RMS: 5.000000
Heart Rate estimates:
  Max error: 0.838201 bpm
  RMS: 0.593822
Running direction estimates:
  Max error: 2.718721 radians
  RMS: 2.261245
Position estimates:
  Max error: 185.489382 meters
  RMS: 184.536825

fs =

   120

    0.8333
    0.8750
    0.7500
    0.8667
    0.8333
    0.8500
    0.8500
    0.8500
    1.7000
    0.8667

     6

_______________________________________________________
Frame: 6 statistics
Velocity estimates:
  Max error: 5.000000 Km/h
  RMS: 5.000000
Heart Rate estimates:
  Max error: 0.838201 bpm
  RMS: 0.552250
Running direction estimates:
  Max error: 2.718721 radians
  RMS: 2.311505
Position estimates:
  Max error: 185.489382 meters
  RMS: 184.561792

fs =

   120

    0.7333
    0.7500
    0.8667
    0.8333
    0.8500
    0.8500
    0.8500
    1.7000
    0.8667
    0.8667

     7

_______________________________________________________
Frame: 7 statistics
Velocity estimates:
  Max error: 5.000000 Km/h
  RMS: 5.000000
Heart Rate estimates:
  Max error: 0.838235 bpm
  RMS: 0.609308
Running direction estimates:
  Max error: 2.718721 radians
  RMS: 2.304773
Position estimates:
  Max error: 185.489382 meters
  RMS: 184.545291

fs =

   120

    0.8667
    0.8333
    0.8500
    0.8500
    0.8500
    1.7000
    0.8667
    0.8667
    0.8250
    0.7917

     8

_______________________________________________________
Frame: 8 statistics
Velocity estimates:
  Max error: 5.000000 Km/h
  RMS: 4.961831
Heart Rate estimates:
  Max error: 0.838235 bpm
  RMS: 0.578414
Running direction estimates:
  Max error: 2.718721 radians
  RMS: 2.324461
Position estimates:
  Max error: 185.489382 meters
  RMS: 184.602592

fs =

   120

    0.8333
    0.8500
    0.8500
    0.8500
    1.7000
    0.8667
    0.8667
    0.8250
    0.7917
    0.7750

     9

_______________________________________________________
Frame: 9 statistics
Velocity estimates:
  Max error: 5.000000 Km/h
  RMS: 4.669396
Heart Rate estimates:
  Max error: 4.661765 bpm
  RMS: 1.734719
Running direction estimates:
  Max error: 2.718721 radians
  RMS: 2.319600
Position estimates:
  Max error: 185.489382 meters
  RMS: 184.652722

fs =

   120

    0.8500
    0.8500
    0.8500
    1.7000
    0.8667
    0.8667
    0.8250
    0.7917
    0.7750
    0.7000
    0.7000

    10

_______________________________________________________
Frame: 10 statistics
Velocity estimates:
  Max error: 5.000000 Km/h
  RMS: 4.402349
Heart Rate estimates:
  Max error: 9.661765 bpm
  RMS: 3.612074
Running direction estimates:
  Max error: 2.718721 radians
  RMS: 2.351413
Position estimates:
  Max error: 185.489382 meters
  RMS: 184.728848

fs =

   120

    0.8500
    0.8500
    1.7000
    0.8667
    0.8667
    0.8250
    0.7917
    0.7750
    0.7000
    0.7167
    0.6583

    11

_______________________________________________________
Frame: 11 statistics
Velocity estimates:
  Max error: 5.000000 Km/h
  RMS: 4.176435
Heart Rate estimates:
  Max error: 12.522727 bpm
  RMS: 5.236816
Running direction estimates:
  Max error: 2.718721 radians
  RMS: 2.380525
Position estimates:
  Max error: 185.489382 meters
  RMS: 184.774317

fs =

   120

    1.7000
    0.8667
    0.8667
    0.8250
    0.7917
    0.7750
    0.7000
    0.7167
    0.6583
    0.6250
    0.6250

    12

_______________________________________________________
Frame: 12 statistics
Velocity estimates:
  Max error: 5.000000 Km/h
  RMS: 3.982074
Heart Rate estimates:
  Max error: 12.830645 bpm
  RMS: 6.316413
Running direction estimates:
  Max error: 2.718721 radians
  RMS: 2.410279
Position estimates:
  Max error: 185.489382 meters
  RMS: 184.793900

fs =

   120

    0.8667
    0.8667
    0.8250
    0.7917
    0.7750
    0.7000
    0.7167
    0.6583
    0.6250
    0.6250
    0.6333

    13

_______________________________________________________
Frame: 13 statistics
Velocity estimates:
  Max error: 5.000000 Km/h
  RMS: 3.812546
Heart Rate estimates:
  Max error: 12.830645 bpm
  RMS: 6.902821
Running direction estimates:
  Max error: 2.718721 radians
  RMS: 2.397508
Position estimates:
  Max error: 185.489382 meters
  RMS: 184.787886

fs =

   120

    0.8667
    0.8667
    0.8250
    0.7917
    0.7750
    0.7000
    0.7167
    0.6583
    0.6250
    0.6250
    0.6333
    0.5750
    0.6417

    14

_______________________________________________________
Frame: 14 statistics
Velocity estimates:
  Max error: 5.000000 Km/h
  RMS: 3.664574
Heart Rate estimates:
  Max error: 12.830645 bpm
  RMS: 7.509679
Running direction estimates:
  Max error: 2.718721 radians
  RMS: 2.362476
Position estimates:
  Max error: 185.489382 meters
  RMS: 184.809318

fs =

   120

    0.8667
    0.8250
    0.7917
    0.7750
    0.7000
    0.7167
    0.6583
    0.6250
    0.6250
    0.6333
    0.5750
    0.6417
    0.6417

    15

_______________________________________________________
Frame: 15 statistics
Velocity estimates:
  Max error: 5.000000 Km/h
  RMS: 3.544017
Heart Rate estimates:
  Max error: 12.830645 bpm
  RMS: 7.325016
Running direction estimates:
  Max error: 2.718721 radians
  RMS: 2.343183
Position estimates:
  Max error: 185.933713 meters
  RMS: 184.889858

fs =

   120

    0.8250
    0.7917
    0.7750
    0.7000
    0.7167
    0.6583
    0.6250
    0.6250
    0.6333
    0.5750
    0.6417
    0.6417
    0.6083
    0.6417

    16

_______________________________________________________
Frame: 16 statistics
Velocity estimates:
  Max error: 5.000000 Km/h
  RMS: 3.467472
Heart Rate estimates:
  Max error: 12.830645 bpm
  RMS: 7.080735
Running direction estimates:
  Max error: 2.718721 radians
  RMS: 2.346247
Position estimates:
  Max error: 186.660367 meters
  RMS: 185.008419

