[xyzRMS,velRMS,angRMS,hrRMS]=FleetByte(50, 1, 0)

fs =

   120

    0.8333
    0.8417
    0.8750
    0.8000
    0.8500
    0.8417
    0.8083
    0.8333
    0.8583
    0.8250
    0.8250


W =

     1     2     3     4     5     6     7     8     9    10    11


RR_weighted =

    0.8336

     1

_______________________________________________________
Frame: 1 statistics
Velocity estimates:
  Max error:  Km/h
  RMS: NaN
Heart Rate estimates:
  Max error:  bpm
  RMS: NaN
Running direction estimates:
  Max error:  radians
  RMS: NaN
Position estimates:
  Max error:  meters
  RMS: NaN

fs =

   120

    0.6833
    0.8750
    0.8000
    0.8500
    0.8417
    0.8083
    0.8333
    0.8583
    0.8250
    0.8250
    0.8333
    0.8583


W =

     1     2     3     4     5     6     7     8     9    10    11    12


RR_weighted =

    0.8350

     2

_______________________________________________________
Frame: 2 statistics
Velocity estimates:
  Max error: 5.000000 Km/h
  RMS: 5.000000
Heart Rate estimates:
  Max error: 1.266824 bpm
  RMS: 1.266824
Running direction estimates:
  Max error: 1.965683 radians
  RMS: 1.965683
Position estimates:
  Max error: 182.994122 meters
  RMS: 182.994122

fs =

   120

    0.8000
    0.8500
    0.8417
    0.8083
    0.8333
    0.8583
    0.8250
    0.8250
    0.8333
    0.8583


W =

     1     2     3     4     5     6     7     8     9    10


RR_weighted =

    0.8370

     3

_______________________________________________________
Frame: 3 statistics
Velocity estimates:
  Max error: 5.000000 Km/h
  RMS: 5.000000
Heart Rate estimates:
  Max error: 1.866764 bpm
  RMS: 1.595251
Running direction estimates:
  Max error: 1.965683 radians
  RMS: 1.955060
Position estimates:
  Max error: 184.096810 meters
  RMS: 183.546294

fs =

   120

    0.8500
    0.8417
    0.8083
    0.8333
    0.8583
    0.8250
    0.8250
    0.8333
    0.8583
    1.6917


W =

     1     2     3     4     5     6     7     8     9    10    11


RR_weighted =

    0.8403

     4

_______________________________________________________
Frame: 4 statistics
Velocity estimates:
  Max error: 5.000000 Km/h
  RMS: 5.000000
Heart Rate estimates:
  Max error: 1.866764 bpm
  RMS: 1.463399
Running direction estimates:
  Max error: 1.965683 radians
  RMS: 1.812445
Position estimates:
  Max error: 185.288298 meters
  RMS: 184.128793

fs =

   120

    0.8417
    0.8083
    0.8333
    0.8583
    0.8250
    0.8250
    0.8333
    0.8583
    1.6917
    0.8833


W =

     1     2     3     4     5     6     7     8     9    10    11


RR_weighted =

    0.8478

     5

_______________________________________________________
Frame: 5 statistics
Velocity estimates:
  Max error: 5.000000 Km/h
  RMS: 5.000000
Heart Rate estimates:
  Max error: 1.866764 bpm
  RMS: 1.366515
Running direction estimates:
  Max error: 2.060631 radians
  RMS: 1.877570
Position estimates:
  Max error: 187.485365 meters
  RMS: 184.973647

fs =

   120

    0.8083
    0.8333
    0.8583
    0.8250
    0.8250
    0.8333
    0.8583
    1.6917
    0.8833
    0.8167


W =

     1     2     3     4     5     6     7     8     9    10    11


RR_weighted =

    0.8436

     6

_______________________________________________________
Frame: 6 statistics
Velocity estimates:
  Max error: 5.000000 Km/h
  RMS: 5.000000
Heart Rate estimates:
  Max error: 1.866764 bpm
  RMS: 1.282919
Running direction estimates:
  Max error: 2.060631 radians
  RMS: 1.874076
Position estimates:
  Max error: 188.437117 meters
  RMS: 185.671509

fs =

   120

    0.6917
    0.8583
    0.8250
    0.8250
    0.8333
    0.8583
    1.6917
    0.8833
    0.8167
    0.8167


W =

     1     2     3     4     5     6     7     8     9    10    11


RR_weighted =

    0.8377

     7

_______________________________________________________
Frame: 7 statistics
Velocity estimates:
  Max error: 5.000000 Km/h
  RMS: 5.000000
Heart Rate estimates:
  Max error: 1.875593 bpm
  RMS: 1.399241
Running direction estimates:
  Max error: 2.060631 radians
  RMS: 1.782341
Position estimates:
  Max error: 189.920995 meters
  RMS: 186.386485

fs =

   120

    0.8250
    0.8250
    0.8333
    0.8583
    1.6917
    0.8833
    0.8167
    0.8167
    0.8917
    0.7500


W =

     1     2     3     4     5     6     7     8     9    10    11


RR_weighted =

    0.8325

     8

_______________________________________________________
Frame: 8 statistics
Velocity estimates:
  Max error: 5.868960 Km/h
  RMS: 5.133151
Heart Rate estimates:
  Max error: 1.875593 bpm
  RMS: 1.466932
Running direction estimates:
  Max error: 2.060631 radians
  RMS: 1.764754
Position estimates:
  Max error: 192.517953 meters
  RMS: 187.274700

fs =

   120

    0.8250
    0.8333
    0.8583
    1.6917
    0.8833
    0.8167
    0.8167
    0.8917
    0.7500
    0.7667


W =

     1     2     3     4     5     6     7     8     9    10    11


RR_weighted =

    0.8210

     9

_______________________________________________________
Frame: 9 statistics
Velocity estimates:
  Max error: 6.868960 Km/h
  RMS: 5.380837
Heart Rate estimates:
  Max error: 2.170415 bpm
  RMS: 1.572177
Running direction estimates:
  Max error: 2.060631 radians
  RMS: 1.730860
Position estimates:
  Max error: 194.652424 meters
  RMS: 188.212732

fs =

   120

    0.8333
    0.8583
    1.6917
    0.8833
    0.8167
    0.8167
    0.8917
    0.7500
    0.7667
    0.7333
    0.6417


W =

     1     2     3     4     5     6     7     8     9    10    11    12


RR_weighted =

    0.7798

    10

_______________________________________________________
Frame: 10 statistics
Velocity estimates:
  Max error: 7.688755 Km/h
  RMS: 5.683741
Heart Rate estimates:
  Max error: 3.302682 bpm
  RMS: 1.846367
Running direction estimates:
  Max error: 2.060631 radians
  RMS: 1.718305
Position estimates:
  Max error: 197.388231 meters
  RMS: 189.254201

fs =

   120

    0.8583
    1.6917
    0.8833
    0.8167
    0.8167
    0.8917
    0.7500
    0.7667
    0.7333
    0.7333
    0.6333


W =

     1     2     3     4     5     6     7     8     9    10    11    12


RR_weighted =

    0.7660

    11

_______________________________________________________
Frame: 11 statistics
Velocity estimates:
  Max error: 8.332801 Km/h
  RMS: 6.001498
Heart Rate estimates:
  Max error: 6.918178 bpm
  RMS: 2.802549
Running direction estimates:
  Max error: 2.060631 radians
  RMS: 1.691321
Position estimates:
  Max error: 200.029021 meters
  RMS: 190.359130

fs =

   120

    0.8833
    0.8167
    0.8167
    0.8917
    0.7500
    0.7667
    0.7333
    0.7333
    0.6333
    0.6417
    0.6500


W =

     1     2     3     4     5     6     7     8     9    10    11


RR_weighted =

    0.7144

    12

_______________________________________________________
Frame: 12 statistics
Velocity estimates:
  Max error: 8.975638 Km/h
  RMS: 6.329885
Heart Rate estimates:
  Max error: 6.918178 bpm
  RMS: 3.271982
Running direction estimates:
  Max error: 2.060631 radians
  RMS: 1.647643
Position estimates:
  Max error: 203.234490 meters
  RMS: 191.565379

fs =

   120

    0.8833
    0.8167
    0.8167
    0.8917
    0.7500
    0.7667
    0.7333
    0.7333
    0.6333
    0.6417
    0.6500
    0.5667


W =

     1     2     3     4     5     6     7     8     9    10    11    12


RR_weighted =

    0.6917

    13

_______________________________________________________
Frame: 13 statistics
Velocity estimates:
  Max error: 9.662411 Km/h
  RMS: 6.671482
Heart Rate estimates:
  Max error: 8.503012 bpm
  RMS: 3.979801
Running direction estimates:
  Max error: 2.060631 radians
  RMS: 1.610660
Position estimates:
  Max error: 207.028784 meters
  RMS: 192.901347

fs =

   120

    0.8167
    0.8167
    0.8917
    0.7500
    0.7667
    0.7333
    0.7333
    0.6333
    0.6417
    0.6500
    0.5667
    0.6167
    0.5417


W =

     1     2     3     4     5     6     7     8     9    10    11    12    13


