[xyzRMS,velRMS,angRMS,hrRMS]=FleetByte(50, 1, 0)

fs =

   120

    0.8667
    0.8083
    0.8417
    0.8333
    0.8167
    0.8667
    0.8167
    0.8333
    0.8500
    0.8250
    0.8583

     1

_______________________________________________________
Frame: 1 statistics
Velocity estimates:
  Max error:  Km/h
  RMS: NaN
Heart Rate estimates:
  Max error:  bpm
  RMS: NaN
Running direction estimates:
  Max error:  radians
  RMS: NaN
Position estimates:
  Max error:  meters
  RMS: NaN

fs =

   120

    0.6917
    0.8417
    0.8333
    0.8167
    0.8667
    0.8167
    0.8333
    0.8500
    0.8250
    0.8583
    0.8083
    0.8333

     2

_______________________________________________________
Frame: 2 statistics
Velocity estimates:
  Max error: 5.000000 Km/h
  RMS: 5.000000
Heart Rate estimates:
  Max error: 1.414214 bpm
  RMS: 1.414214
Running direction estimates:
  Max error: 1.257870 radians
  RMS: 1.257870
Position estimates:
  Max error: 182.994122 meters
  RMS: 182.994122

fs =

   120

    0.8333
    0.8167
    0.8667
    0.8167
    0.8333
    0.8500
    0.8250
    0.8583
    0.8083
    0.8333
    0.8833

     3

_______________________________________________________
Frame: 3 statistics
Velocity estimates:
  Max error: 5.000000 Km/h
  RMS: 5.000000
Heart Rate estimates:
  Max error: 2.179580 bpm
  RMS: 1.837195
Running direction estimates:
  Max error: 1.323935 radians
  RMS: 1.291325
Position estimates:
  Max error: 185.485093 meters
  RMS: 184.243817

fs =

   120

    0.8167
    0.8667
    0.8167
    0.8333
    0.8500
    0.8250
    0.8583
    0.8083
    0.8333
    0.8833
    0.8500

     4

_______________________________________________________
Frame: 4 statistics
Velocity estimates:
  Max error: 5.000000 Km/h
  RMS: 5.000000
Heart Rate estimates:
  Max error: 2.179580 bpm
  RMS: 1.810474
Running direction estimates:
  Max error: 1.384806 radians
  RMS: 1.323219
Position estimates:
  Max error: 187.899297 meters
  RMS: 185.470316

fs =

   120

    0.8667
    0.8167
    0.8333
    0.8500
    0.8250
    0.8583
    0.8083
    0.8333
    0.8833
    0.8500
    0.8083

     5

_______________________________________________________
Frame: 5 statistics
Velocity estimates:
  Max error: 5.000000 Km/h
  RMS: 5.000000
Heart Rate estimates:
  Max error: 2.249966 bpm
  RMS: 1.929753
Running direction estimates:
  Max error: 1.830149 radians
  RMS: 1.466473
Position estimates:
  Max error: 190.237156 meters
  RMS: 186.673438

fs =

   120

    0.8167
    0.8333
    0.8500
    0.8250
    0.8583
    0.8083
    0.8333
    0.8833
    0.8500
    0.8083
    0.8583

     6

_______________________________________________________
Frame: 6 statistics
Velocity estimates:
  Max error: 5.000000 Km/h
  RMS: 5.000000
Heart Rate estimates:
  Max error: 2.249966 bpm
  RMS: 1.895167
Running direction estimates:
  Max error: 2.192748 radians
  RMS: 1.637700
Position estimates:
  Max error: 191.723950 meters
  RMS: 187.694413

fs =

   120

    0.6917
    0.8500
    0.8250
    0.8583
    0.8083
    0.8333
    0.8833
    0.8500
    0.8083
    0.8583
    0.8750
    0.7917

     7

_______________________________________________________
Frame: 7 statistics
Velocity estimates:
  Max error: 5.000000 Km/h
  RMS: 5.000000
Heart Rate estimates:
  Max error: 2.249966 bpm
  RMS: 1.840338
Running direction estimates:
  Max error: 2.192748 radians
  RMS: 1.667786
Position estimates:
  Max error: 192.318296 meters
  RMS: 188.472938

fs =

   120

    0.8250
    0.8583
    0.8083
    0.8333
    0.8833
    0.8500
    0.8083
    0.8583
    0.8750
    0.8333
    0.7917

     8

_______________________________________________________
Frame: 8 statistics
Velocity estimates:
  Max error: 5.567920 Km/h
  RMS: 5.085016
Heart Rate estimates:
  Max error: 2.249966 bpm
  RMS: 1.827706
Running direction estimates:
  Max error: 2.192748 radians
  RMS: 1.692842
Position estimates:
  Max error: 193.910624 meters
  RMS: 189.259316

fs =

   120

    0.8583
    0.8083
    0.8333
    0.8833
    0.8500
    0.8083
    0.8583
    0.8750
    0.8333
    0.7917
    0.7333

     9

_______________________________________________________
Frame: 9 statistics
Velocity estimates:
  Max error: 6.080178 Km/h
  RMS: 5.219798
Heart Rate estimates:
  Max error: 3.250000 bpm
  RMS: 2.059917
Running direction estimates:
  Max error: 2.192748 radians
  RMS: 1.682258
Position estimates:
  Max error: 195.561357 meters
  RMS: 190.058499

fs =

   120

    0.8083
    0.8333
    0.8833
    0.8500
    0.8083
    0.8583
    0.8750
    0.8333
    0.7917
    0.7333
    0.7417
    0.7250

    10

_______________________________________________________
Frame: 10 statistics
Velocity estimates:
  Max error: 6.708385 Km/h
  RMS: 5.405478
Heart Rate estimates:
  Max error: 7.153553 bpm
  RMS: 3.075339
Running direction estimates:
  Max error: 2.192748 radians
  RMS: 1.629424
Position estimates:
  Max error: 197.850337 meters
  RMS: 190.939962

fs =

   120

    0.8333
    0.8833
    0.8500
    0.8083
    0.8583
    0.8750
    0.8333
    0.7917
    0.7333
    0.7417
    0.7000
    0.6833

    11

_______________________________________________________
Frame: 11 statistics
Velocity estimates:
  Max error: 7.508188 Km/h
  RMS: 5.651067
Heart Rate estimates:
  Max error: 12.153553 bpm
  RMS: 4.825228
Running direction estimates:
  Max error: 2.192748 radians
  RMS: 1.563115
Position estimates:
  Max error: 201.010312 meters
  RMS: 191.970770

fs =

   120

    0.8500
    0.8083
    0.8583
    0.8750
    0.8333
    0.7917
    0.7333
    0.7417
    0.7000
    0.6833
    0.6333
    0.6000

    12

_______________________________________________________
Frame: 12 statistics
Velocity estimates:
  Max error: 8.508188 Km/h
  RMS: 5.967601
Heart Rate estimates:
  Max error: 12.153553 bpm
  RMS: 5.850932
Running direction estimates:
  Max error: 2.192748 radians
  RMS: 1.523756
Position estimates:
  Max error: 204.446765 meters
  RMS: 193.138256

fs =

   120

    0.8083
    0.8583
    0.8750
    0.8333
    0.7917
    0.7333
    0.7417
    0.7000
    0.6833
    0.6333
    0.6000
    0.6250

    13

_______________________________________________________
Frame: 13 statistics
Velocity estimates:
  Max error: 9.187866 Km/h
  RMS: 6.299152
Heart Rate estimates:
  Max error: 13.894068 bpm
  RMS: 6.889682
Running direction estimates:
  Max error: 2.192748 radians
  RMS: 1.483304
Position estimates:
  Max error: 208.144688 meters
  RMS: 194.433034

fs =

   120

    0.8583
    0.8750
    0.8333
    0.7917
    0.7333
    0.7417
    0.7000
    0.6833
    0.6333
    0.6000
    0.6250
    0.5667
    0.5750

    14

_______________________________________________________
Frame: 14 statistics
Velocity estimates:
  Max error: 9.354577 Km/h
  RMS: 6.584713
Heart Rate estimates:
  Max error: 14.535714 bpm
  RMS: 7.750432
Running direction estimates:
  Max error: 2.192748 radians
  RMS: 1.444089
Position estimates:
  Max error: 212.081831 meters
  RMS: 195.847107

fs =

   120

    0.8750
    0.8333
    0.7917
    0.7333
    0.7417
    0.7000
    0.6833
    0.6333
    0.6000
    0.6250
    0.5667
    0.5750
    0.5500
    0.5583

    15

_______________________________________________________
Frame: 15 statistics
Velocity estimates:
  Max error: 9.354577 Km/h
  RMS: 6.801498
Heart Rate estimates:
  Max error: 14.535714 bpm
  RMS: 8.366656
Running direction estimates:
  Max error: 2.192748 radians
  RMS: 1.417087
Position estimates:
  Max error: 216.065537 meters
  RMS: 197.359982

